4002921036579248|05|2028|544
4002920572894631|05|2026|658
4002923695107824|01|2030|167
4002925091327864|05|2030|982
4002926107295384|10|2028|926
4002927635189024|06|2026|287
4002923697405812|04|2028|159
4002923620789514|02|2025|527
4002927130256948|03|2028|952
4002927614382095|10|2026|400
4002925901872364|04|2025|429
4002920485619273|06|2029|558
4002929061345872|03|2028|333
4002928132769045|05|2025|304
4002927516392408|05|2027|868
4002929481037265|06|2028|985
4002925071498362|08|2030|183
4002924526731980|07|2027|963
4002929260317458|12|2030|123
4002924951826370|06|2028|925
4002920649375218|10|2029|415
4002923842610795|12|2025|272
4002924689137025|08|2029|117
4002926719054823|06|2028|121
4002924957321608|07|2026|657
4002923578694120|02|2026|607
4002926359817240|06|2026|220
4002929751206483|09|2029|719
4002921863542970|07|2025|505
4002925018736924|12|2029|907
4002925941372680|04|2027|814
4002921762540893|12|2027|895
4002922651304987|03|2028|220
4002923506948127|12|2027|467
4002920281659374|06|2029|647
4002923106794582|11|2026|533
4002924389261570|11|2028|173
4002929107253684|07|2029|977
4002922967835104|04|2030|158
4002920297635418|04|2028|196
4002920794631852|12|2030|838
4002929486053127|04|2025|893
4002925937084216|03|2026|940
4002927941603825|12|2025|619
4002926451389072|10|2029|129
4002929138670245|10|2026|243
4002928954630721|10|2025|621
4002920193647582|07|2029|859
4002923178254069|01|2030|806
4002927412598306|02|2028|124
4002924586971203|01|2025|526
4002927398460521|01|2028|499
4002925164709238|08|2025|551
4002923695417280|11|2024|529
4002928704352196|02|2030|382
4002927136490582|01|2030|622
4002924086315927|08|2029|269
4002924092718635|10|2030|470
4002921470289635|12|2027|123
4002925273149680|09|2029|818
4002925486031972|10|2025|453
4002924067281395|12|2026|381
4002929023678451|04|2026|964
4002929647183052|06|2024|200
4002927134695208|09|2024|863
4002929306754128|07|2024|381
4002925481639027|01|2030|543
4002925183679420|03|2025|697
4002925891623470|01|2025|923
4002922517496803|07|2027|174
4002921630975248|03|2028|588
4002924658309712|04|2028|621
4002929675318042|04|2028|821
4002926201593874|10|2027|669
4002925479623108|12|2028|137
4002926290347851|09|2030|364
4002926140397528|11|2030|690
4002926194857203|10|2028|507
4002926953147028|01|2030|965
4002925972386104|12|2025|894
4002929360471528|05|2024|213
4002921360479528|02|2026|294
4002924231956708|01|2024|360
4002927419835206|01|2025|388
4002925983041276|12|2025|782
4002926451783092|03|2025|861
4002929475283016|05|2028|681
4002922148769305|11|2028|295
4002926813279540|03|2029|989
4002926510493782|08|2029|327
4002928679402513|01|2026|230
4002924523671098|11|2024|542
4002928962435071|05|2027|551
4002929832645071|06|2025|331
4002920428361975|12|2028|884
4002921908436527|01|2025|229
4002923271045869|07|2025|539
4002928157236904|09|2030|977
4002924521069873|12|2025|101
4002928612974305|11|2026|370
4002928640512739|01|2027|160
4002926809271543|12|2028|564
4002924682971503|04|2029|924
4002923987124560|07|2030|682
4002929728134065|06|2029|328
4002924102653897|09|2025|496
4002924076891325|10|2030|653
4002928613294075|03|2026|259
4002924832910765|08|2027|996
4002924839207165|10|2027|394
4002924987153062|10|2027|494
4002924765239018|12|2026|886
4002924713652908|06|2030|393
4002922157398640|10|2030|197
4002928693170542|08|2024|958
4002927486120953|09|2025|187
4002927902364185|01|2027|525
4002927835614920|11|2024|325
4002929810352674|08|2024|835
4002926103948572|05|2027|529
4002929237480561|06|2029|165
4002921069354287|05|2028|796
4002927942063581|04|2025|298
4002922359701864|07|2024|940
4002926025384971|07|2027|970
4002926531924708|07|2028|701
4002925486127093|03|2030|170
4002928701943625|05|2025|755
4002923085471269|03|2030|987
4002925836024917|03|2028|304
4002923765014892|07|2029|279
4002921364925708|05|2028|443
4002920247381659|03|2024|263
4002922517084963|01|2024|327
4002920795831642|01|2027|529
4002920756194832|11|2026|106
4002927085913642|12|2024|263
4002927830645192|01|2024|217
4002929386127054|08|2024|486
4002922348156907|03|2026|912
4002923065784921|11|2026|774
4002922619750438|06|2026|971
4002929328760145|10|2029|759
4002924837529016|10|2027|982
4002928459160273|08|2024|716
4002929270385164|01|2027|784
4002921849276305|12|2027|235
4002928597061243|03|2029|226
4002923018975642|01|2025|561
4002920965431728|10|2030|419
4002926045378912|09|2025|142
4002924817025936|03|2025|276
4002923648195207|11|2030|157
4002928396541072|02|2025|433
4002929781352604|04|2026|453
4002926318502974|05|2024|423
4002926827109543|07|2030|348
4002924089251376|01|2026|272
4002921328670945|03|2024|424
4002925724639081|08|2024|679
4002921382509476|02|2025|948
4002929370541286|10|2025|390
4002921728954360|12|2028|260
4002928362749501|04|2030|355
4002929701268534|11|2029|254
4002927630914582|09|2025|743
4002925274913068|07|2030|674
4002923428709615|07|2027|904
4002929261840573|04|2026|406
4002920134962587|11|2026|127
4002920791423865|10|2028|822
4002928572364190|08|2024|641
4002925298361740|06|2024|918
4002929163802754|07|2026|769
4002921875263490|12|2030|196
4002922071653849|07|2029|289
4002925647381209|06|2030|969
4002924691237805|11|2028|121
4002927604153829|03|2030|987
4002923874625190|10|2029|194
4002921892365047|03|2024|379
4002928016529374|06|2028|543
4002929645318270|04|2025|955
4002920736125849|02|2029|971
4002923972516804|07|2025|761
4002922640813759|12|2024|172
4002926495730182|02|2028|721
4002924712859306|03|2024|234
4002926154983072|09|2030|206
4002921905274863|06|2028|527
4002920726359184|05|2025|439
4002926823074915|09|2024|193
4002921672905384|11|2026|131
4002928206714935|03|2030|737
4002929583017264|02|2027|496
4002923705968124|08|2026|429
4002925273608941|02|2027|726
4002924980762513|02|2026|120
4002927950241863|01|2027|141
4002929387450612|11|2024|575
4002928620197543|10|2028|643
4002923472615809|04|2024|583
4002924798356201|02|2026|636
4002923701962584|03|2026|855
4002923985421760|10|2026|778
4002929178260543|03|2024|840
4002925380627941|07|2025|834
4002920723516984|08|2029|896
4002927986520314|12|2027|586
4002923492715860|05|2024|933
4002921257469038|12|2029|975
4002926193845720|03|2030|510
4002923162549870|03|2029|683
4002922684013597|11|2030|210
4002923542819076|07|2030|636
4002922803476519|09|2026|978
4002920386471592|02|2025|261
4002927861520439|06|2025|438
4002921320976845|06|2026|960
4002926413702859|09|2026|883
4002924237580916|04|2025|165
4002925930874621|02|2029|857
4002926702953841|08|2026|120
4002929235704186|06|2026|708
4002923250469817|11|2026|513
4002926709812354|09|2030|315
4002929317620854|04|2025|813
4002921658073249|07|2024|732
4002927934280615|12|2026|206
4002923168509472|10|2029|527
4002928917326540|02|2029|562
4002929810564732|09|2027|662
4002921567092348|08|2024|212
4002925073182469|02|2027|835
4002927082459136|05|2024|900
4002927105893642|12|2026|896
4002922970613845|05|2028|945
4002920687431295|11|2029|801
4002926142738059|11|2024|389
4002923869702541|08|2028|486
4002921853620794|05|2024|857
4002921735694082|12|2025|836
4002923582410976|02|2029|975
4002927148356920|07|2026|704
4002922367915084|04|2027|960
4002923945760281|04|2024|542
4002922546037198|12|2026|377
4002923925067418|12|2025|906
4002925874306192|09|2025|940
4002924128603579|08|2027|381
4002927102368549|09|2027|315
4002928526970134|09|2029|198
4002927216830459|05|2027|655
4002922640315987|02|2025|645
4002921785430296|02|2027|441
4002920548691327|08|2025|676
4002926179453028|07|2029|354
4002928394761052|04|2030|588
4002926351798042|08|2027|729
4002927913208645|03|2030|379
4002920685397142|05|2026|388
4002923049687521|03|2026|166
4002923672419085|11|2024|389
4002924192307685|03|2026|296
4002927931546208|08|2024|970
4002923179486025|04|2024|827
4002927869452130|05|2029|842
4002924730826915|12|2026|805
4002923918570642|05|2026|557
4002920249857631|11|2028|467
4002927261049583|02|2030|824
4002920245768139|12|2025|630
4002921367940258|04|2024|139
4002927423581960|06|2027|603
4002926872349150|11|2027|860
4002922875039146|11|2024|968
4002921386745092|05|2027|570
4002920241986537|07|2028|171
4002923976058241|06|2028|189
4002925912473608|04|2026|732
4002925496731082|08|2029|610
4002921708463259|12|2029|588
4002921582493760|11|2028|650
4002921538749620|12|2025|544
4002927945801326|11|2030|603
4002926801743259|10|2024|425
4002922463095781|06|2030|789
4002924076291583|08|2028|510
4002924195673208|05|2026|543
4002929817036452|02|2029|925
4002926329051748|10|2027|977
4002925238461907|03|2028|604
4002929783216450|07|2030|201
4002927354186029|12|2027|820
4002924938125706|06|2024|820
4002927129304568|04|2030|256
4002928537624910|01|2028|110
4002922615903874|07|2026|193
4002924972615380|11|2028|917
4002924865703129|02|2029|647
4002929268507134|03|2024|556
4002927934615802|03|2027|273
4002927501839264|06|2030|933
4002920273819564|09|2025|939
4002927951638240|06|2027|968
4002926897023541|07|2028|771
4002922197846053|09|2025|361
4002923258610974|06|2029|724
4002923087421965|12|2024|984
4002925864319270|03|2025|377
4002923254706891|06|2030|554
4002925618394207|08|2027|518
4002920754189362|03|2029|115
4002926925487031|08|2028|562
4002927295610483|07|2024|411
4002921937580642|11|2026|402
4002929310254867|01|2027|248
4002925649073812|04|2025|321
4002920436257918|03|2025|389
4002926178392045|03|2027|303
4002929380576124|05|2028|260
4002925476128903|10|2029|214
4002925289047316|03|2030|616
4002921892364057|11|2024|262
4002929178503264|07|2030|307
4002921509432867|07|2027|832
4002928542963170|04|2027|611
4002920364729185|11|2025|186
4002927830926154|08|2030|385
4002922495301678|01|2024|432
4002926834590172|06|2027|111
4002921873542069|01|2030|296
4002920817529364|03|2025|436
4002928941760532|12|2024|623
4002924073518269|09|2026|365
4002929215038746|04|2025|809
4002923109764582|06|2026|257
4002925732461809|05|2025|683
4002921970546823|11|2024|609
4002923904517268|04|2025|515
4002921625783904|06|2026|115
4002923082456719|06|2025|236
4002925391872460|12|2030|580
4002922379541860|07|2028|268
4002925962013478|07|2030|827
4002927834290516|10|2028|884
4002924580326719|02|2026|189
4002927035981624|05|2029|282
4002927692145380|11|2030|451
4002921345692708|11|2027|653
4002923579214068|08|2026|156
4002924512839706|04|2025|566
4002926783502194|07|2030|747
4002929078342615|12|2028|706
4002924782031695|03|2026|625
4002926357940218|03|2027|851
4002921376549082|10|2025|880
4002920749651328|06|2026|439
4002922835740916|11|2026|109
4002928271394605|05|2027|937
4002920819274563|07|2029|816
4002927458692310|04|2029|991
4002925394167082|11|2024|283
4002924520687139|07|2026|518
4002921843259067|10|2030|964
4002923490751826|04|2024|545
4002925709461832|10|2030|642
4002925073498162|02|2025|230
4002921537496082|03|2028|220
4002926725904318|09|2024|798
4002921059742863|06|2030|825
4002928631079524|06|2028|845
4002920264715839|12|2029|736
4002920956173842|01|2026|599
4002920438192576|07|2024|377
4002927469315208|08|2027|565
4002928690521374|11|2027|256
4002924096328175|04|2027|308
4002928120365947|09|2026|526
4002926381045729|07|2025|978
4002922675431980|10|2024|709
4002929387450216|10|2025|768
4002925673820914|01|2025|581
4002920649573812|02|2030|244
4002920312954786|01|2030|958
4002928641357209|03|2026|811
4002929058461732|08|2027|771
4002921256037984|02|2028|421
4002928503971246|04|2024|841
4002926547328019|04|2024|390
4002925310728496|02|2026|637
4002923089415627|12|2024|783
4002928657204931|06|2028|955
4002921049867523|03|2027|237
4002927623480591|06|2027|115
4002929213864705|12|2025|992
4002920692851347|05|2030|883
4002928096754231|07|2025|646
4002925814637029|11|2028|299
4002923867019245|12|2030|555
4002920754632189|12|2029|257
4002926940153287|09|2029|426
4002923548670291|09|2030|733
4002922576410398|02|2029|538
4002929247386105|03|2029|902
4002927264910583|01|2028|690
4002922167549083|07|2027|375
4002921284905673|04|2027|483
4002928204756193|08|2030|617
4002920592718364|08|2028|708
4002923695781420|12|2026|355
4002924506932178|03|2025|146
4002928230957146|10|2029|986
4002921095267438|04|2029|607
4002926390481527|10|2026|359
4002928540371962|05|2024|765
4002924523076819|11|2028|954
4002924913672508|10|2025|286
4002928927015364|09|2030|359
4002926215893740|10|2024|114
4002929180364275|06|2026|439
4002923748619502|10|2026|157
4002926483590721|09|2025|420
4002924098651327|02|2026|652
4002925681473920|09|2025|943
4002923574162908|03|2026|917
4002923145769280|10|2029|866
4002927916083425|10|2025|447
4002927540192683|02|2027|222
4002928593471602|08|2026|606
4002924307281965|08|2024|734
4002924165792830|05|2024|625
4002926954832701|06|2028|993
4002928041357296|02|2027|142
4002923108476295|05|2024|958
4002921372549680|02|2025|337
4002922538416970|05|2030|955
4002923597042681|08|2024|739
4002929015763428|11|2030|107
4002928762351940|11|2025|610
4002920286314579|08|2025|777
4002921380547296|03|2025|262
4002923689275041|08|2025|462
4002929612385740|11|2029|360
4002921350692874|10|2030|733
4002924126875039|10|2026|665
4002921438952670|02|2028|560
4002922685794310|09|2028|927
4002923718409256|09|2026|283
4002927653901482|04|2030|419
4002929432516078|02|2030|532
4002927963281054|08|2024|166
4002925093672481|09|2027|836
4002924970356128|01|2029|100
4002929534218607|04|2026|597
4002923085469271|03|2030|686
4002927620491385|02|2030|667
4002924609185732|02|2027|135
4002928926107345|07|2026|635
4002921029547368|02|2026|684
4002923596824071|10|2027|511
4002928472035916|08|2024|973
4002927018542369|11|2028|446
4002922543981067|08|2029|771
4002921657084932|05|2027|573
4002929280764135|12|2025|805
4002922649518037|06|2029|435
4002921762930458|03|2027|792
4002929483615027|08|2024|758
4002922915704683|07|2026|693
4002928049623715|05|2029|335
4002924712569038|05|2030|457
4002922657813049|12|2027|740
4002929835614702|07|2030|515
4002926825401793|02|2024|475
4002924631508927|06|2028|324
4002920689541372|12|2025|846
4002927843260591|03|2026|178
4002922698153074|01|2027|112
4002924568201793|11|2030|487
4002924756903812|10|2026|586
4002920216394758|01|2026|293
4002920652147983|09|2027|551
4002924395820617|05|2024|479
4002928021975463|07|2025|192
4002921592034786|08|2030|902
4002925864307291|12|2028|506
4002923609475812|07|2030|160
4002920145867932|02|2024|106
4002925097463812|08|2028|650
4002928745061293|08|2027|529
4002924973625081|02|2026|511
4002920461723859|03|2027|948
4002922389704516|08|2030|313
4002928413790652|04|2029|780
4002926709538124|10|2024|141
4002927054186923|04|2030|983
4002926081734952|09|2027|502
4002920546879213|09|2028|273
4002923702486195|07|2027|664
4002927169523408|06|2025|555
4002922105869734|07|2030|691
4002927038261495|12|2025|148
4002923861540279|08|2030|714
4002926570413928|09|2030|426
4002925648321907|07|2026|248
4002921293860745|01|2026|176
4002920427598361|12|2024|493
4002923706948125|09|2024|171
4002923158907462|06|2030|213
4002925271046938|01|2028|174
4002929236475810|07|2024|886
4002924586702319|12|2024|756
4002923962785104|09|2026|496
4002929206831547|04|2026|554
4002923705489162|08|2028|502
4002923962471580|10|2030|599
4002929238016547|07|2027|446
4002922705486913|04|2025|436
4002927845612930|01|2026|546
4002927416953820|07|2029|442
4002923158720964|10|2024|113
4002924290163857|12|2030|214
4002920752481639|06|2025|620
4002929456108372|04|2024|524
4002928903546127|03|2029|917
4002921925437086|04|2027|507
4002923917458062|01|2030|192
4002928235467190|10|2029|739
4002924713059682|02|2030|186
4002921438907526|01|2028|968
4002920764539812|03|2026|766
4002928692307145|11|2024|387
4002925341896270|03|2024|383
4002924370695281|06|2024|474
4002921682974305|03|2026|361
4002923240198567|01|2025|876
4002929302541768|07|2024|212
4002923241867590|12|2024|316
4002924536028971|01|2026|258
4002923875614920|05|2029|127
4002923460915872|08|2028|300
4002921098364752|04|2025|743
4002925917084236|09|2030|913
4002924581367902|02|2027|765
4002921890342576|10|2025|359
4002929128760345|09|2027|650
4002924910628735|01|2029|762
4002927023586419|12|2030|400
4002928520194673|06|2026|703
4002925361798240|10|2028|722
4002926490238157|11|2030|198
4002920985364172|02|2030|905
4002928293054617|09|2029|213
4002924317256098|10|2030|747
4002921264579803|06|2029|847
4002929375620481|01|2025|784
4002924871230596|03|2025|294
4002929280417536|09|2029|677
4002922305174869|09|2030|913
4002920817496325|06|2030|517
4002921453286079|09|2026|927
4002925468319270|11|2024|130
4002926874915032|01|2028|423
4002925482761309|03|2025|745
4002927340251689|07|2030|103
4002925647380912|12|2024|658
4002925312986407|10|2028|942
4002924378260591|11|2024|531
4002922867954013|10|2025|733
4002926975382140|10|2027|576
4002922076153498|02|2028|774
4002922836190475|07|2029|276
4002928016234975|07|2029|202
4002925438726109|08|2028|488
4002921325409768|09|2029|977
4002922318674905|04|2024|784
4002925619028374|04|2025|462
4002923108924765|11|2026|968
4002928503946271|06|2029|616
4002927592408631|11|2028|182
4002926249108735|09|2028|871
4002921609783425|06|2026|721
4002928690547213|06|2028|922
4002925942361708|02|2029|910
4002922036157498|08|2025|338
4002922710659843|11|2026|562
4002921025783496|07|2030|368
4002925921648307|12|2029|440
4002927638109524|03|2028|827
4002924897106523|07|2030|981
4002921926047835|10|2027|399
4002920587129346|03|2024|224
4002928504927361|11|2030|943
4002927839612045|12|2027|479
4002922947368150|06|2027|896
4002924793106528|03|2025|433
4002928395021746|03|2026|781
4002929572038164|10|2026|236
4002920317824695|08|2025|293
4002927914250836|01|2030|928
4002921249365708|06|2026|526
4002920836251479|05|2024|847
4002923809615274|12|2028|734
4002929465810273|09|2029|382
4002923251649870|09|2024|498
4002928145903276|04|2030|253
4002926742053891|07|2027|518
4002927013268549|08|2028|639
4002922760981543|05|2026|331
4002926051248397|01|2026|127
4002923589714206|04|2028|807
4002923841296570|08|2026|448
4002922645089371|10|2027|362
4002923169047258|09|2027|759
4002926847019532|04|2027|984
4002920164298357|08|2029|504
4002929850746132|08|2028|579
4002922304896751|08|2029|662
4002921098365247|01|2030|203
4002920354872169|05|2025|164
4002923085176249|06|2029|499
4002929632584710|09|2026|583
4002927452913860|02|2025|549
4002928372614059|02|2030|627
4002927532964081|08|2024|362
4002929241386507|09|2030|754
4002926835704129|11|2026|414
4002921309486527|03|2030|431
4002925183946720|12|2028|102
4002927591463280|09|2026|153
4002924238095617|11|2030|613
4002920493758162|12|2029|108
4002922495183076|02|2025|326
4002926527489013|07|2029|125
4002923702165948|01|2027|610
4002929548076231|12|2030|506
4002923460589172|09|2027|751
4002922568317049|06|2027|771
4002928927610354|12|2030|998
4002925412869073|04|2026|101
4002920763845921|10|2030|678
4002925820641379|05|2026|704
4002921305472869|08|2030|165
4002926547891032|07|2027|682
4002922165784039|03|2027|617
4002929541708236|06|2027|452
4002927540829631|03|2028|668
4002927614982530|04|2027|300
4002928195403672|08|2029|395
4002921206837459|03|2029|525
4002920786249531|10|2026|833
4002923609142578|11|2026|488
4002924893752106|09|2024|865
4002925812649307|09|2030|798
4002921076539284|02|2029|799
4002927683194025|05|2030|258
4002928726953104|06|2028|364
4002921793526408|12|2025|233
4002922679381405|06|2029|796
4002926452930817|10|2030|141
4002920264957183|05|2026|613
4002929850726431|09|2026|624
4002923206591847|05|2028|236
4002923821497065|06|2026|494
4002926831745209|06|2030|224
4002927830946251|08|2029|381
4002924821306975|04|2025|158
4002927960834152|06|2028|371
4002926943805271|03|2027|977
4002925240738961|05|2030|590
4002921042856937|04|2024|567
4002925127498036|07|2024|909
4002927682549013|06|2024|108
4002920132695478|07|2026|640
4002920293857164|10|2026|647
4002920927651348|06|2024|799
4002929784210536|09|2029|921
4002923478605192|12|2025|169
4002921847652903|08|2025|462
4002929812564730|06|2024|967
4002923145687029|04|2025|561
4002920163578924|05|2030|159
4002920182947563|07|2029|549
4002921304567982|05|2028|554
4002921805793624|07|2024|695
4002925972618043|11|2026|637
4002922960145873|05|2027|834
4002928213549670|12|2024|222
4002926318094725|10|2024|908
4002924683257910|06|2025|481
4002922541039678|03|2026|214
4002924613207985|11|2027|445
4002925091236487|01|2025|260
4002923042165798|03|2025|804
4002926740189523|04|2028|902
4002921973864025|02|2027|870
4002926249108735|11|2029|241
4002923846179250|11|2027|601
4002922751394680|04|2027|535
4002926910823547|10|2029|813
4002922506917348|12|2029|634
4002925842163790|12|2029|522
4002921052473896|05|2025|342
4002920241798536|11|2024|478
4002926059418273|06|2029|963
4002926854023179|11|2024|668
4002920319254768|05|2027|834
4002923524961078|11|2026|581
4002921349072568|11|2026|564
4002929063872451|12|2026|816
4002921209538674|11|2025|845
4002924035697128|11|2025|783
4002920463295781|07|2025|353
4002920239817645|09|2027|538
4002924915237086|01|2028|209
4002928734250196|04|2024|610
4002923805792614|05|2024|429
4002927591032846|08|2030|115
4002923075281694|11|2028|821
4002926953824170|09|2026|958
4002924285903176|02|2029|169
4002927135024986|03|2024|290
4002929076314285|03|2030|403
4002923572018946|01|2028|842
4002925164890723|04|2027|571
4002928164927503|05|2024|263
4002927168302549|03|2026|767
4002928936402751|07|2026|689
4002923690752418|08|2025|251
4002929725043186|08|2029|717
4002926738014295|02|2027|463
4002928291354670|02|2025|115
4002923409725861|09|2028|526
4002923526081974|09|2025|569
4002923954780162|12|2024|417
4002922351690784|10|2028|508
4002929241308675|06|2024|522
4002929854706231|03|2027|330
4002927631458209|11|2026|291
4002927140826359|10|2027|279
4002926798023541|03|2026|996
4002921204798653|03|2030|304
4002922371059648|08|2025|105
4002926952438071|08|2025|308
4002926245391087|01|2028|497
4002924369728051|01|2028|280
4002922583194670|05|2030|385
4002929182630574|06|2028|227
4002920143962578|06|2024|970
4002925718024639|06|2025|864
4002920854613972|06|2030|645
4002921840239765|10|2025|718
4002927416392508|09|2029|483
4002928610927453|04|2027|848
4002921382567409|08|2025|615
4002922586791340|08|2027|126
4002926780239154|02|2025|880
4002928504319726|05|2030|148
4002922659308741|08|2030|725
4002922869145370|01|2024|801
4002925279840613|06|2025|696
4002924238175690|11|2026|588
4002926870214539|11|2027|599
4002921698403257|02|2025|612
4002928512396047|05|2028|946
4002923598701426|12|2029|126
4002926084239157|07|2028|534
4002924579860132|07|2024|635
4002922589104673|02|2027|241
4002921347689520|01|2025|511
4002929178430526|09|2028|327
4002920874153926|05|2024|316
4002925023918764|08|2024|548
4002925160872394|02|2027|980
4002925130987264|10|2024|661
4002929354107286|12|2026|964
4002926895074231|08|2024|695
4002922047598631|05|2030|101
4002923810247596|02|2027|459
4002921438257906|09|2028|705
4002922031564789|07|2025|121
4002923852740169|05|2030|375
4002926234705198|02|2025|541
4002925078136924|05|2024|390
4002920675984321|12|2028|918
4002927619520384|04|2028|212
4002923956071248|05|2025|961
4002929108754326|10|2029|925
4002924792031586|08|2026|673
4002922501843697|10|2024|512
4002926258319074|03|2024|355
4002929526734801|06|2030|827
4002921284095673|07|2027|942
4002928163940572|07|2024|632
4002920314895672|05|2030|542
4002922347196805|09|2027|750
4002928743059612|08|2027|844
4002929184360527|03|2026|306
4002927960382145|05|2029|516
4002929046357182|05|2024|734
4002926872309154|04|2026|139
4002922915864370|08|2030|433
4002925268749031|03|2024|451
4002928694352701|07|2027|480
4002926593047182|09|2027|849
4002922407913685|07|2028|182
4002927683104529|01|2024|253
4002924589320176|07|2024|472
4002929508412673|11|2027|608
4002927082135694|02|2024|526
4002923658170942|08|2026|535
4002929032571648|01|2026|148
4002921397824506|02|2026|843
4002926371948205|11|2024|886
4002927234596108|07|2025|986
4002921598472063|01|2029|597
4002921067894532|01|2028|169
4002928597263401|03|2029|490
4002925892473016|07|2028|776
4002923056214987|01|2025|768
4002928290354671|12|2028|173
4002923840217569|04|2028|146
4002922978453160|01|2025|244
4002921576438029|08|2029|562
4002923451689270|11|2026|253
4002927135864290|02|2025|432
4002929478162035|01|2027|416
4002929157846320|01|2030|376
4002929847206513|01|2028|190
4002926340527981|09|2030|630
4002928795034612|07|2024|226
4002928639514027|03|2025|132
4002926319284507|05|2026|899
4002921678390524|01|2030|823
4002928745029316|04|2025|508
4002927054691823|01|2027|206
4002922307548169|05|2025|264
4002922364879051|04|2027|271
4002928156293740|11|2025|567
4002928962417350|10|2028|824
4002922179406835|06|2028|883
4002926019542378|01|2026|528
4002926723815409|06|2027|740
4002926298450731|09|2029|957
4002921756023849|02|2025|518
4002926239871045|11|2027|174
4002923107249685|02|2026|950
4002927931028546|05|2026|574
4002924382716950|01|2030|859
4002926970412538|02|2027|749
4002920498531267|06|2027|449
4002927143289506|05|2026|705
4002927296304185|02|2028|587
4002928256790413|11|2025|334
4002920413598672|09|2026|425
4002921095387426|02|2026|978
4002928035467291|12|2024|693
4002929045176328|09|2030|498
4002927926053814|06|2029|671
4002924591307682|03|2024|543
4002929163750482|07|2029|186
4002928356147092|02|2025|690
4002926401793258|01|2024|998
4002920832746951|05|2027|122
4002924397851206|08|2024|600
4002927416290538|11|2025|938
4002921346802975|04|2027|332
4002928249317605|11|2030|896
4002923708619542|10|2028|205
4002923182704695|09|2026|879
4002922796048531|10|2026|487
4002926157902384|11|2024|742
4002928041365927|06|2026|555
4002927092683451|08|2030|172
4002920319276548|04|2026|116
4002923045719682|07|2030|337
4002923501497286|12|2026|627
4002928231754690|01|2024|450
4002921507684923|12|2027|166
4002929687450312|12|2029|173
4002928023794615|10|2028|233
4002926310582479|06|2027|443
4002920578239146|07|2024|862
4002922934761508|01|2030|661
4002926071294835|09|2024|955
4002929724068531|12|2024|560
4002920279165483|02|2024|800
4002923614789520|01|2030|168
4002920329471865|04|2030|249
4002926093572481|08|2026|356
4002929374528610|01|2027|742
4002926249103587|02|2026|225
4002920257931864|09|2024|396
4002926478903251|08|2026|256
4002926459038721|03|2028|744
4002921490257638|01|2029|880
4002923675281904|01|2029|709
4002928594630271|11|2026|884
4002926724835109|09|2029|850
4002921923467085|03|2025|878
4002920945863271|03|2028|715
4002929476203518|02|2024|227
4002925260718349|01|2030|857
4002927983045612|04|2027|488
4002926708359241|05|2025|245
4002920823419576|08|2025|681
4002925917024638|12|2027|197
4002920691437528|08|2026|264
4002926051728349|11|2029|538
4002922549138670|02|2030|631
4002929180354276|05|2026|794
4002925492387160|06|2029|731
4002927193048562|01|2024|216
4002929670253814|07|2029|510
4002925016923847|03|2030|131
4002922746308159|09|2029|585
4002926735198240|12|2026|810
4002928750493621|07|2027|515
4002922946831570|04|2024|170
4002927286413905|12|2024|374
4002923891625470|11|2028|319
4002920179523864|03|2030|687
4002928461059372|05|2028|452
4002929106342587|03|2029|796
4002923058469217|05|2024|147
4002922369184705|04|2028|278
4002926104275389|09|2029|633
4002922490187635|11|2025|905
4002920781536924|10|2024|123
4002927805361429|12|2027|318
4002926804327951|12|2030|864
4002928206197354|02|2026|409
4002928459276301|04|2027|437
4002923618259470|05|2029|863
4002928195627403|12|2029|118
4002927804362519|08|2024|942
4002925679130482|04|2030|408
4002928753290164|05|2025|182
4002925480931276|03|2026|894
4002925290316478|10|2030|248
4002922357046189|05|2030|400
4002922418735960|12|2026|582
4002920578412693|08|2029|359
4002926871925034|08|2025|330
4002921307546892|08|2029|433
4002929817604325|07|2030|683
4002929506178243|02|2024|357
4002923607425918|07|2026|346
4002920548917326|04|2025|259
4002927189354206|06|2030|566
4002923912456780|08|2024|412
4002927283165490|07|2024|871
4002928902531674|04|2029|104
4002928902467531|08|2025|445
4002927082531694|06|2024|461
4002926498135207|04|2025|930
4002923820169574|10|2026|105
4002923425189076|11|2030|288
4002922975486031|08|2027|196
4002928691240537|06|2024|500
4002922639051874|10|2025|148
4002924593870612|12|2025|801
4002920592416837|04|2029|158
4002925970286314|09|2029|292
4002924790136528|12|2026|893
4002924715286309|09|2025|788
4002925931472086|01|2029|614
4002927182054639|10|2025|722
4002921284705693|02|2026|837
4002927281394605|09|2024|905
4002924168302975|11|2029|374
4002922139706845|08|2024|895
4002928015762349|07|2029|897
4002920538741926|04|2027|645
4002920463521798|05|2025|511
4002920849652713|12|2024|432
4002923974680251|03|2029|828
4002921956847302|02|2026|244
4002922018936547|01|2029|314
4002924092163857|08|2029|611
4002923725018694|03|2029|435
4002924605289173|03|2028|204
4002925820136479|02|2026|938
4002929310284765|02|2027|210
4002922678954103|08|2026|253
4002921567982340|01|2025|505
4002922673801945|11|2026|462
4002920362759184|04|2029|704
4002926528190743|04|2025|156
4002921069247358|02|2026|823
4002920387245169|06|2030|586
4002926802479531|11|2025|505
4002927908345261|11|2025|913
4002922375168049|10|2028|171
4002920427518369|02|2030|659
4002925462780139|02|2025|698
4002924015678932|02|2026|942
4002920857421936|01|2029|937
4002928916520374|09|2029|728